   0.0000   0.0000
   0.0002   0.2407
   0.0004   0.9605
   0.0006   2.1528
   0.0008   3.8066
   0.0010   5.9068
   0.0012   8.4341
   0.0014  11.3655
   0.0016  14.6743
   0.0018  18.3308
   0.0020  22.3022
   0.0022  26.5531
   0.0024  31.0460
   0.0026  35.7417
   0.0028  40.5996
   0.0030  45.5781
   0.0032  50.6354
   0.0034  55.7293
   0.0036  60.8183
   0.0038  65.8615
   0.0040  70.8192
   0.0042  75.6533
   0.0044  80.3275
   0.0046  84.8079
   0.0048  89.0627
   0.0050  93.0633
   0.0052  96.7835
   0.0054 100.2006
   0.0056 103.2948
   0.0058 106.0497
   0.0060 108.4523
   0.0062 110.4929
   0.0064 112.1649
   0.0066 113.4652
   0.0068 114.3937
   0.0070 114.9532
   0.0072 115.1497
   0.0074 114.9914
   0.0076 114.4893
   0.0078 113.6565
   0.0080 112.5082
   0.0082 111.0613
   0.0084 109.3342
   0.0086 107.3466
   0.0088 105.1193
   0.0090 102.6737
   0.0092 100.0319
   0.0094  97.2163
   0.0096  94.2493
   0.0098  91.1531
   0.0100  87.9497
   0.0102  84.6607
   0.0104  81.3068
   0.0106  77.9080
   0.0108  74.4834
   0.0110  71.0511
   0.0112  67.6280
   0.0114  64.2298
   0.0116  60.8711
   0.0118  57.5651
   0.0120  54.3237
   0.0122  51.1576
   0.0124  48.0760
   0.0126  45.0871
   0.0128  42.1977
   0.0130  39.4136
   0.0132  36.7391
   0.0134  34.1777
   0.0136  31.7319
   0.0138  29.4030
   0.0140  27.1918
   0.0142  25.0979
   0.0144  23.1205
   0.0146  21.2579
   0.0148  19.5080
   0.0150  17.8681
   0.0152  16.3350
   0.0154  14.9054
   0.0156  13.5754
   0.0158  12.3410
   0.0160  11.1979
   0.0162  10.1420
   0.0164   9.1687
   0.0166   8.2736
   0.0168   7.4523
   0.0170   6.7002
   0.0172   6.0132
   0.0174   5.3868
   0.0176   4.8170
   0.0178   4.2997
   0.0180   3.8311
   0.0182   3.4075
   0.0184   3.0253
   0.0186   2.6812
   0.0188   2.3721
   0.0190   2.0949
   0.0192   1.8468
   0.0194   1.6253
   0.0196   1.4278
   0.0198   1.2521
   0.0200   1.0962
   0.0202   0.9580
   0.0204   0.8357
   0.0206   0.7278
   0.0208   0.6328
   0.0210   0.5492
   0.0212   0.4758
   0.0214   0.4115
   0.0216   0.3553
   0.0218   0.3063
   0.0220   0.2636
   0.0222   0.2264
   0.0224   0.1942
   0.0226   0.1662
   0.0228   0.1421
   0.0230   0.1212
   0.0232   0.1032
   0.0234   0.0878
   0.0236   0.0745
   0.0238   0.0632
   0.0240   0.0534
   0.0242   0.0451
   0.0244   0.0381
   0.0246   0.0320
   0.0248   0.0269
