step 10000
time 5000.000
time-step    0.500
 referencePE   0.0000000000000000     
rnd-times  8188  8394  8895
 positions
     1 -12.26671 -14.90794 -16.52442
     2 -12.47587 -13.65385 -16.14279
     3 -12.20340 -13.65203 -17.06563
     4  -1.14999  -8.68670   3.23635
     5  -0.84001  -7.62623   2.62380
     6  -0.41433  -8.54857   2.55216
     7   2.27518   6.29844   7.15785
     8   2.39185   7.12726   6.53845
     9   2.02501   6.33093   6.07420
    10  -6.22956  -0.07309   3.50321
    11  -6.03519  -0.70288   2.43928
    12  -5.91016  -1.18544   3.25637
    13  -3.18926  -7.60227  17.39434
    14  -2.58830  -6.69362  16.84322
    15  -2.57636  -7.43065  16.20186
    16 -17.71869   6.87482 -15.66175
    17 -17.99907   6.56914 -14.29265
    18 -17.14820   6.55406 -14.96173
    19   5.72145  11.97733  -0.76497
    20   5.06704  12.22906  -1.64369
    21   5.34251  11.30464  -1.40256
    22   1.99419  15.03743  10.09711
    23   1.40275  14.69027   9.37421
    24   2.22337  14.35346   8.98999
    25  -7.16609   3.73300  -0.72099
    26  -7.06486   3.91753   0.57886
    27  -7.00056   4.57480  -0.11500
    28  -2.20253 -18.96384   4.97743
    29  -1.99789 -18.60763   5.94695
    30  -1.49232 -18.02538   5.26627
    31  13.17795  12.47393  -4.69393
    32  13.29241  13.03823  -3.71791
    33  12.94426  12.10992  -3.72672
    34  -8.85204  -0.95473   6.08410
    35  -8.76465  -2.13682   6.17144
    36  -8.73594  -1.78179   5.23437
    37  -0.00008   9.20593  -0.51590
    38  -0.88504   9.20065   0.10711
    39  -0.10455   9.46394   0.56040
    40   7.64579   3.47869   5.45061
    41   8.78479   3.49914   4.94114
    42   8.06390   2.81890   5.21936
    43   4.78718  13.17999  10.01587
    44   3.76849  13.04403   9.37561
    45   4.42263  12.31975   9.49242
    46  -2.36223  12.79296  -7.22897
    47  -1.86197  12.61720  -6.28855
    48  -2.79206  12.31185  -6.09938
    49   3.37010  13.94756  -4.84866
    50   3.16981  15.26086  -3.96570
    51   3.00620  14.34647  -3.99622
    52   2.49288  -0.29103  -1.06493
    53   3.23860  -0.82660  -0.78600
    54   3.15660   0.15892  -0.33066
    55  -3.69941   6.87102   0.63725
    56  -4.23328   7.57353   0.05148
    57  -4.78653   7.04926   0.84147
    58   6.36784  -3.96687  -5.91032
    59   5.17665  -3.97113  -6.18200
    60   5.23522  -3.77175  -5.21970
    61   2.19388   0.59520  17.24532
    62   3.03333   1.04056  17.75312
    63   2.36534   0.51343  18.24636
    64  -0.97052  -1.66019   6.85269
    65  -1.46132  -0.77338   7.33252
    66  -1.49373  -0.50832   6.35218
    67   0.14903  -4.51884   5.27647
    68  -0.08697  -3.90541   4.64841
    69   0.11484  -4.54476   3.95974
    70  -5.64406  -5.89168   8.87680
    71  -6.57986  -5.02092   8.52930
    72  -6.25117  -5.17737   9.52086
    73   3.97188 -14.15117  -1.78032
    74   3.72855 -13.72298  -2.68018
    75   3.62904 -12.99672  -1.97709
    76  -6.51284  -0.95692 -13.12058
    77  -5.58377  -0.97938 -13.40761
    78  -5.89782  -1.59517 -12.56580
    79  -9.76506   7.99333  -4.22904
    80 -10.97209   7.87379  -4.04524
    81 -10.69856   8.15427  -4.89462
 speeds
     1  -0.00489  -0.00462  -0.00742
     2  -0.00853   0.02490  -0.00154
     3  -0.00158   0.02601  -0.02399
     4  -0.00670  -0.00403   0.00664
     5  -0.00262   0.02470  -0.00717
     6  -0.00089  -0.01326  -0.00084
     7   0.00401  -0.00019   0.00779
     8   0.00123   0.00424   0.00022
     9  -0.01469  -0.01193  -0.00363
    10  -0.00737  -0.00592   0.00412
    11  -0.00847  -0.02143  -0.02063
    12  -0.00256  -0.02052  -0.00172
    13   0.00164  -0.00149   0.00233
    14   0.01759   0.01744  -0.00690
    15   0.01303   0.00230  -0.02546
    16  -0.00052   0.00134  -0.00220
    17  -0.02068  -0.00734   0.04714
    18   0.01693  -0.00128  -0.00936
    19   0.00880   0.00196   0.00158
    20  -0.00666   0.00151  -0.00667
    21   0.00605  -0.00927   0.00253
    22  -0.00310   0.00603   0.00290
    23  -0.00130   0.00733  -0.01211
    24   0.01319  -0.00690  -0.02178
    25   0.00415  -0.00487  -0.00649
    26   0.00694   0.00889   0.02186
    27   0.00595   0.00504  -0.00447
    28  -0.00172  -0.00139   0.00530
    29  -0.00562  -0.00243   0.02368
    30   0.01635   0.01711   0.00266
    31   0.00028  -0.00254  -0.00716
    32   0.01336   0.00331   0.01011
    33   0.00100  -0.01468  -0.00082
    34   0.00427   0.00306  -0.00512
    35   0.00652  -0.01780  -0.00534
    36   0.01168  -0.00511  -0.02897
    37  -0.00099   0.00561   0.00079
    38  -0.00938  -0.00463   0.00659
    39  -0.01086   0.01219   0.00879
    40  -0.00669   0.00358  -0.00462
    41   0.01683   0.01960  -0.01583
    42  -0.01814   0.00798  -0.00385
    43  -0.00052  -0.00212   0.00112
    44  -0.02345   0.00255  -0.01115
    45  -0.00979  -0.01254   0.00529
    46  -0.00309   0.00473  -0.00640
    47   0.00773   0.00857   0.00761
    48  -0.01198  -0.00939   0.02339
    49   0.00782  -0.00155  -0.00511
    50  -0.00051   0.03453   0.02909
    51   0.01316   0.00326  -0.00002
    52   0.00446   0.00453  -0.00652
    53   0.01104  -0.01171  -0.02032
    54   0.01790   0.02772   0.00471
    55  -0.00046   0.00223   0.00210
    56   0.00386   0.01705  -0.01728
    57  -0.02659  -0.00434   0.01463
    58   0.00019  -0.00957  -0.00826
    59  -0.02241  -0.02040  -0.01401
    60  -0.02929  -0.00382   0.00897
    61   0.00761  -0.00369   0.00774
    62   0.01452   0.00908   0.01471
    63   0.00247   0.00076   0.01482
    64  -0.00465  -0.00742  -0.00403
    65  -0.01127   0.00562   0.00924
    66  -0.01429   0.02845  -0.02132
    67   0.00484  -0.00598   0.00153
    68   0.01555  -0.00398  -0.00234
    69   0.00219  -0.00878  -0.03035
    70   0.00262   0.00238  -0.00076
    71  -0.02757   0.02158  -0.01977
    72  -0.00054   0.01287   0.02196
    73   0.00114  -0.01357  -0.00604
    74   0.00193  -0.01387  -0.01564
    75  -0.01220   0.01697  -0.00989
    76  -0.00173  -0.00528   0.00348
    77   0.00584   0.00917  -0.00228
    78  -0.00059  -0.02989   0.02489
    79   0.00900  -0.00395  -0.00746
    80  -0.01172  -0.00372  -0.00931
    81   0.00120  -0.01054  -0.01286
 gradients
     1  -0.19581   3.62671  -0.28117
     2   0.30157  -1.74318  -0.56712
     3  -0.10576  -1.88354   0.84829
     4   0.57611   1.31766  -0.92709
     5  -0.12345  -1.82274   0.69701
     6  -0.45265   0.50509   0.23008
     7  -0.12697   0.35228  -0.99751
     8  -0.17101  -0.60021   0.08877
     9   0.29798   0.24793   0.90874
    10   0.53121  -1.79476  -1.48062
    11  -0.22927   0.74386   1.23538
    12  -0.30194   1.05090   0.24524
    13   1.53768   1.22645  -2.32730
    14  -0.64371  -1.11776   0.46974
    15  -0.89397  -0.10869   1.85756
    16  -0.46292  -0.50432   2.25909
    17   1.43842   0.48716  -3.02662
    18  -0.97549   0.01717   0.76753
    19  -0.56369   0.04147  -0.78449
    20   0.58189  -0.51914   0.73488
    21  -0.01819   0.47767   0.04962
    22   0.20184  -1.00571  -1.65864
    23   0.18323   0.03743   0.10510
    24  -0.38508   0.96829   1.55354
    25   0.21022   0.61959   2.03408
    26  -0.13810  -0.25452  -1.76522
    27  -0.07212  -0.36507  -0.26887
    28   0.83453   1.14126   0.73738
    29   0.25300   0.23725  -0.89971
    30  -1.08753  -1.37851   0.16233
    31  -0.02325   0.26149   1.21441
    32  -0.20445  -0.74498  -0.75573
    33   0.22770   0.48349  -0.45869
    34   0.19816  -1.95328  -0.74649
    35  -0.07198   1.30052  -0.49661
    36  -0.12617   0.65276   1.24311
    37  -0.57848   0.17488   1.09868
    38   0.35530  -0.04797  -0.44432
    39   0.22319  -0.12692  -0.65436
    40   0.95222   0.60601  -0.38689
    41  -1.81887  -0.49332   0.78304
    42   0.86666  -0.11268  -0.39615
    43  -1.25347  -0.59371  -0.94245
    44   1.22503  -0.03886   0.69656
    45   0.02844   0.63257   0.24590
    46  -0.28496  -0.73191   2.01467
    47  -0.64130  -0.01970  -0.45455
    48   0.92626   0.75161  -1.56012
    49  -0.49109   2.72134   1.97624
    50   0.45077  -2.33604  -1.75276
    51   0.04032  -0.38530  -0.22349
    52   0.39774   0.26343   0.43676
    53  -0.10260   1.18281   0.54335
    54  -0.29515  -1.44624  -0.98011
    55  -1.03974   0.46280  -0.13080
    56  -0.44850  -0.99943   1.28123
    57   1.48824   0.53663  -1.15044
    58  -2.89919   0.27368   0.69208
    59   1.29946   0.05742   0.54781
    60   1.59974  -0.33109  -1.23989
    61   0.51465   0.22175   0.57774
    62  -0.63451  -0.38080  -0.15442
    63   0.11987   0.15904  -0.42332
    64  -1.12997   2.34686  -0.39094
    65   0.33833  -0.49410  -0.90513
    66   0.79164  -1.85276   1.29608
    67   0.01742  -0.20167  -1.62387
    68  -0.05828   0.14822  -0.18986
    69   0.04086   0.05345   1.81373
    70  -1.77136   1.76581   0.02636
    71   1.59823  -1.34873   1.39915
    72   0.17313  -0.41707  -1.42551
    73  -0.44780   1.37933  -0.50682
    74   0.02381   0.26911   0.69243
    75   0.42399  -1.64844  -0.18561
    76   0.32471  -0.26795   0.21044
    77  -0.44535  -0.73808   1.03226
    78   0.12064   1.00603  -1.24270
    79  -2.12391   0.00779  -0.37191
    80   1.25298   0.06171   0.00803
    81   0.87093  -0.06951   0.36389
 cage-reference-positions
     1  -2.65799  -2.68420  -2.67760
     2  -1.98148  -2.02167  -2.52953
     3  -2.80512  -2.66828  -3.62451
     4  -2.65799  -2.68420  -0.00460
     5  -3.53519  -2.76139   0.37368
     6  -2.12922  -2.29698   0.69469
     7  -2.65799  -2.68420   2.66841
     8  -3.55288  -2.61644   3.00472
     9  -2.65071  -2.12124   1.89281
    10  -2.65799  -0.01119  -2.67760
    11  -3.32777  -0.69631  -2.65489
    12  -3.15408   0.80614  -2.74391
    13  -2.65799  -0.01119  -0.00460
    14  -2.55698  -0.62880  -0.73046
    15  -3.54180   0.34319  -0.11334
    16  -2.65799  -0.01119   2.66841
    17  -3.53196   0.29402   2.91651
    18  -2.09894   0.76145   2.76344
    19  -2.65799   2.66182  -2.67760
    20  -3.27779   2.49504  -1.96587
    21  -2.14311   3.41163  -2.37557
    22  -2.65799   2.66182  -0.00460
    23  -3.41756   2.89808  -0.53916
    24  -2.72162   3.22905   0.76530
    25  -2.65799   2.66182   2.66841
    26  -2.45053   3.59214   2.76840
    27  -1.91762   2.30320   2.17670
    28   0.01502  -2.68420  -2.67760
    29   0.96889  -2.66821  -2.76936
    30  -0.31269  -2.62598  -3.57635
    31   0.01502  -2.68420  -0.00460
    32  -0.70694  -2.05858  -0.08145
    33   0.20047  -2.94746  -0.90728
    34   0.01502  -2.68420   2.66841
    35   0.00495  -1.85545   3.14967
    36  -0.29144  -2.45434   1.78991
    37   0.01502  -0.01119  -2.67760
    38  -0.73732   0.31633  -2.18239
    39   0.77759   0.29395  -2.18373
    40   0.01502  -0.01119  -0.00460
    41  -0.47059   0.74698   0.32388
    42  -0.57835  -0.41972  -0.63669
    43   0.01502  -0.01119   2.66841
    44  -0.71115   0.61029   2.59784
    45   0.17358  -0.08774   3.61050
    46   0.01502   2.66182  -2.67760
    47  -0.36255   1.78710  -2.57351
    48  -0.17490   3.10443  -1.84902
    49   0.01502   2.66182  -0.00460
    50   0.04934   3.61361  -0.11160
    51  -0.28772   2.33646  -0.85372
    52   0.01502   2.66182   2.66841
    53   0.48849   3.47795   2.50019
    54  -0.07259   2.62841   3.62222
    55   2.68803  -2.68420  -2.67760
    56   2.68937  -1.91998  -2.09925
    57   1.95957  -3.22136  -2.36244
    58   2.68803  -2.68420  -0.00460
    59   1.76671  -2.45987  -0.14377
    60   2.85325  -2.45865   0.91212
    61   2.68803  -2.68420   2.66841
    62   1.78154  -2.51101   2.40996
    63   2.71655  -3.62985   2.82155
    64   2.68803  -0.01119  -2.67760
    65   2.91995  -0.57155  -1.93549
    66   3.46344  -0.02692  -3.24066
    67   2.68803  -0.01119  -0.00460
    68   1.80073   0.34853   0.03810
    69   2.91013   0.01011  -0.93666
    70   2.68803  -0.01119   2.66841
    71   3.57715   0.34631   2.68255
    72   2.66508  -0.62436   3.40464
    73   2.68803   2.66182  -2.67760
    74   2.14610   2.34665  -3.40252
    75   3.41874   2.04289  -2.63860
    76   2.68803   2.66182  -0.00460
    77   2.43830   1.75346  -0.18076
    78   2.66432   2.73541   0.95068
    79   2.68803   2.66182   2.66841
    80   2.83369   2.03069   3.37480
    81   1.79634   2.48165   2.36683
 spring-constants
     1   0.09748
     2   0.12962
     3   0.14527
     4   0.15496
     5   0.18777
     6   0.12892
     7   0.11276
     8   0.14791
     9   0.17943
    10   0.19248
    11   0.12672
    12   0.16891
    13   0.11985
    14   0.12851
    15   0.13480
    16   0.11819
    17   0.17406
    18   0.16050
    19   0.16904
    20   0.14138
    21   0.12886
    22   0.17404
    23   0.13035
    24   0.15006
    25   0.14679
    26   0.18993
    27   0.17318
    28   0.14586
    29   0.18282
    30   0.18470
    31   0.11319
    32   0.12620
    33   0.16329
    34   0.13280
    35   0.14507
    36   0.10771
    37   0.12429
    38   0.13177
    39   0.12114
    40   0.12289
    41   0.18509
    42   0.15243
    43   0.14697
    44   0.17656
    45   0.09820
    46   0.10227
    47   0.18931
    48   0.09964
    49   0.14174
    50   0.13057
    51   0.13238
    52   0.10274
    53   0.11819
    54   0.19696
    55   0.19185
    56   0.11043
    57   0.11404
    58   0.17038
    59   0.10358
    60   0.15519
    61   0.15812
    62   0.15133
    63   0.14118
    64   0.12105
    65   0.17041
    66   0.14369
    67   0.14562
    68   0.15295
    69   0.19685
    70   0.12394
    71   0.19336
    72   0.14523
    73   0.14516
    74   0.18702
    75   0.18947
    76   0.13115
    77   0.15652
    78   0.16283
    79   0.10381
    80   0.14356
    81   0.16928
