       0.000      25.679
       0.000      66.872
       0.000     131.276
       0.000     207.737
       0.000     285.144
       0.000     371.852
       0.000     464.444
       0.000     545.144
       0.000     622.099
       0.000     675.597
       0.000     716.584
       0.000     750.617
       0.000     757.531
       0.000     760.782
       0.000     733.745
       0.000     710.905
       0.001     671.029
       0.001     629.054
       0.001     583.868
       0.001     520.947
       0.001     489.918
       0.001     443.909
       0.001     406.955
       0.001     377.819
       0.001     348.642
       0.001     319.794
       0.001     303.004
       0.001     292.510
       0.001     280.700
       0.001     279.671
       0.001     282.675
       0.001     276.543
       0.001     279.177
       0.001     286.379
       0.001     286.379
       0.001     298.189
       0.001     295.597
       0.001     308.313
       0.001     311.523
       0.001     315.267
       0.001     321.811
       0.001     327.572
       0.001     331.811
       0.001     327.819
       0.001     343.045
       0.001     341.070
       0.001     347.901
       0.001     344.444
       0.001     349.424
       0.002     352.346
       0.002     357.778
       0.002     354.691
       0.002     352.058
       0.002     349.136
       0.002     352.510
       0.002     345.720
       0.002     346.255
       0.002     343.951
       0.002     346.420
       0.002     337.284
       0.002     330.165
       0.002     325.432
       0.002     325.473
       0.002     318.066
       0.002     318.025
       0.002     306.461
       0.002     300.617
       0.002     296.543
       0.002     294.733
       0.002     284.609
       0.002     276.502
       0.002     267.572
       0.002     259.547
       0.002     252.840
       0.002     246.008
       0.002     237.819
       0.002     238.642
       0.002     226.708
       0.002     220.453
       0.002     212.428
       0.002     203.498
       0.002     201.852
       0.003     190.988
       0.003     180.370
       0.003     174.568
       0.003     173.868
       0.003     160.412
       0.003     160.741
       0.003     148.395
       0.003     145.720
       0.003     144.115
       0.003     132.757
       0.003     129.300
       0.003     119.794
       0.003     115.062
       0.003     108.025
       0.003     102.058
       0.003     101.770
       0.003      94.774
       0.003      89.465
       0.003      81.605
       0.003      80.576
       0.003      76.091
       0.003      73.169
       0.003      66.214
       0.003      66.584
       0.003      62.428
       0.003      55.144
       0.003      54.403
       0.003      50.988
       0.003      45.761
       0.003      45.350
       0.003      40.988
       0.003      36.914
       0.003      37.202
       0.003      33.786
       0.004      32.716
       0.004      28.930
       0.004      28.395
       0.004      24.321
       0.004      23.045
       0.004      20.741
       0.004      19.671
       0.004      18.765
       0.004      17.531
       0.004      18.066
       0.004      15.556
       0.004      13.333
       0.004      13.663
       0.004      11.564
       0.004      10.988
       0.004      10.082
       0.004       9.835
       0.004       8.683
       0.004       9.300
       0.004       7.407
       0.004       7.737
       0.004       5.926
       0.004       5.844
       0.004       5.267
       0.004       4.856
       0.004       4.938
       0.004       4.362
       0.004       3.004
       0.004       3.663
       0.004       2.798
       0.004       2.840
       0.004       2.551
       0.004       2.058
       0.005       2.016
       0.005       2.469
       0.005       1.770
       0.005       1.317
       0.005       1.440
       0.005       1.193
       0.005       1.399
       0.005       0.905
       0.005       0.988
       0.005       0.947
       0.005       0.864
       0.005       0.535
       0.005       0.782
       0.005       0.494
       0.005       0.453
       0.005       0.329
       0.005       0.370
       0.005       0.329
       0.005       0.288
       0.005       0.247
       0.005       0.329
       0.005       0.247
       0.005       0.206
       0.005       0.165
       0.005       0.123
       0.005       0.123
       0.005       0.123
       0.005       0.041
       0.005       0.082
       0.005       0.165
       0.005       0.123
       0.005       0.041
       0.005       0.041
       0.006       0.082
       0.006       0.041
       0.006       0.123
       0.006       0.000
       0.006       0.000
       0.006       0.041
       0.006       0.000
       0.006       0.000
       0.006       0.082
       0.006       0.000
       0.006       0.000
       0.006       0.000
       0.006       0.000
       0.006       0.000
       0.006       0.000
       0.006       0.000
       0.006       0.000
       0.006       0.082
       0.006       0.000
       0.006       0.000
       0.006       0.000
       0.006       0.000
       0.006       0.000
       0.006       0.000
       0.006       0.000
       0.006       0.041
       0.006       0.000
       0.006       0.000
       0.006       0.000
       0.006       0.000
       0.006       0.000
       0.006       0.000
       0.006       0.000
       0.006       0.000
       0.007       0.000
       0.007       0.000
       0.007       0.000
       0.007       0.000
       0.007       0.000
       0.007       0.000
       0.007       0.000
       0.007       0.000
       0.007       0.000
       0.007       0.000
       0.007       0.000
       0.007       0.000
       0.007       0.000
       0.007       0.000
       0.007       0.000
       0.007       0.000
       0.007       0.000
       0.007       0.000
       0.007       0.000
       0.007       0.000
       0.007       0.000
       0.007       0.000
       0.007       0.000
       0.007       0.000
       0.007       0.000
       0.007       0.000
       0.007       0.000
       0.007       0.000
       0.007       0.000
       0.007       0.000
       0.007       0.000
       0.007       0.000
       0.007       0.000
       0.008       0.000
       0.008       0.000
       0.008       0.000
       0.008       0.000
       0.008       0.000
       0.008       0.000
       0.008       0.000
       0.008       0.000
       0.008       0.000
       0.008       0.000
       0.008       0.000
       0.008       0.000
       0.008       0.000
       0.008       0.000
       0.008       0.000
       0.008       0.000
       0.008       0.000
       0.008       0.000
       0.008       0.000
       0.008       0.000
       0.008       0.000
       0.008       0.000
       0.008       0.000
       0.008       0.000
       0.008       0.000
       0.008       0.000
       0.008       0.000
       0.008       0.000
       0.008       0.000
       0.008       0.000
       0.008       0.000
       0.008       0.000
       0.008       0.000
       0.009       0.000
       0.009       0.000
       0.009       0.000
       0.009       0.000
       0.009       0.000
       0.009       0.000
       0.009       0.000
       0.009       0.000
       0.009       0.000
       0.009       0.000
       0.009       0.000
       0.009       0.000
       0.009       0.000
       0.009       0.000
       0.009       0.000
       0.009       0.000
       0.009       0.000
       0.009       0.000
       0.009       0.000
       0.009       0.000
       0.009       0.000
       0.009       0.000
       0.009       0.000
       0.009       0.000
       0.009       0.000
       0.009       0.000
       0.009       0.000
       0.009       0.000
       0.009       0.000
       0.009       0.000
       0.009       0.000
       0.009       0.000
       0.009       0.000
       0.009       0.000
       0.010       0.000
       0.010       0.000
       0.010       0.000
       0.010       0.000
       0.010       0.000
       0.010       0.000
       0.010       0.000
       0.010       0.000
       0.010       0.000
       0.010       0.000
       0.010       0.000
       0.010       0.000
       0.010       0.000
       0.010       0.000
       0.010       0.000
       0.010       0.000
       0.010       0.000
       0.010       0.000
       0.010       0.000
       0.010       0.000
       0.010       0.000
       0.010       0.000
       0.010       0.000
       0.010       0.000
       0.010       0.000
       0.010       0.000
       0.010       0.000
       0.010       0.000
       0.010       0.000
       0.010       0.000
       0.010       0.000
       0.010       0.000
       0.010       0.000
       0.011       0.000
       0.011       0.000
       0.011       0.000
       0.011       0.000
       0.011       0.000
       0.011       0.000
       0.011       0.000
       0.011       0.000
       0.011       0.000
       0.011       0.000
       0.011       0.000
       0.011       0.000
       0.011       0.000
       0.011       0.000
       0.011       0.000
       0.011       0.000
       0.011       0.000
       0.011       0.000
       0.011       0.000
       0.011       0.000
       0.011       0.000
       0.011       0.000
       0.011       0.000
       0.011       0.000
       0.011       0.000
       0.011       0.000
       0.011       0.000
       0.011       0.000
       0.011       0.000
       0.011       0.000
       0.011       0.000
       0.011       0.000
       0.011       0.000
       0.012       0.000
       0.012       0.000
       0.012       0.000
       0.012       0.000
       0.012       0.000
       0.012       0.000
       0.012       0.000
       0.012       0.000
       0.012       0.000
       0.012       0.000
       0.012       0.000
       0.012       0.000
       0.012       0.000
       0.012       0.000
       0.012       0.000
       0.012       0.000
       0.012       0.000
       0.012       0.000
       0.012       0.000
       0.012       0.000
       0.012       0.000
       0.012       0.000
       0.012       0.000
       0.012       0.000
       0.012       0.000
       0.012       0.000
       0.012       0.000
       0.012       0.000
       0.012       0.000
       0.012       0.000
       0.012       0.000
       0.012       0.000
       0.012       0.000
       0.012       0.000
       0.013       0.000
       0.013       0.000
       0.013       0.000
       0.013       0.000
       0.013       0.000
       0.013       0.000
       0.013       0.000
       0.013       0.000
       0.013       0.000
       0.013       0.000
       0.013       0.000
       0.013       0.000
       0.013       0.000
       0.013       0.000
       0.013       0.000
       0.013       0.000
       0.013       0.000
       0.013       0.000
       0.013       0.000
       0.013       0.000
       0.013       0.000
       0.013       0.000
       0.013       0.000
       0.013       0.000
       0.013       0.000
       0.013       0.000
       0.013       0.000
       0.013       0.000
       0.013       0.000
       0.013       0.000
       0.013       0.000
       0.013       0.000
       0.013       0.000
       0.014       0.000
       0.014       0.000
       0.014       0.000
       0.014       0.000
       0.014       0.000
       0.014       0.000
       0.014       0.000
       0.014       0.000
       0.014       0.000
       0.014       0.000
       0.014       0.000
       0.014       0.000
       0.014       0.000
       0.014       0.000
       0.014       0.000
       0.014       0.000
       0.014       0.000
       0.014       0.000
       0.014       0.000
       0.014       0.000
       0.014       0.000
       0.014       0.000
       0.014       0.000
       0.014       0.000
       0.014       0.000
       0.014       0.000
       0.014       0.000
       0.014       0.000
       0.014       0.000
       0.014       0.000
       0.014       0.000
       0.014       0.000
       0.014       0.000
       0.015       0.000
       0.015       0.000
       0.015       0.000
       0.015       0.000
       0.015       0.000
       0.015       0.000
       0.015       0.000
       0.015       0.000
       0.015       0.000
       0.015       0.000
       0.015       0.000
       0.015       0.000
       0.015       0.000
       0.015       0.000
       0.015       0.000
       0.015       0.000
       0.015       0.000
       0.015       0.000
       0.015       0.000
       0.015       0.000
       0.015       0.000
       0.015       0.000
       0.015       0.000
       0.015       0.000
       0.015       0.000
       0.015       0.000
       0.015       0.000
       0.015       0.000
       0.015       0.000
       0.015       0.000
       0.015       0.000
       0.015       0.000
       0.015       0.000
       0.015       0.000
       0.016       0.000
       0.016       0.000
       0.016       0.000
       0.016       0.000
       0.016       0.000
       0.016       0.000
       0.016       0.000
       0.016       0.000
       0.016       0.000
       0.016       0.000
       0.016       0.000
       0.016       0.000
       0.016       0.000
       0.016       0.000
       0.016       0.000
       0.016       0.000
       0.016       0.000
       0.016       0.000
       0.016       0.000
       0.016       0.000
       0.016       0.000
       0.016       0.000
       0.016       0.000
       0.016       0.000
       0.016       0.000
       0.016       0.000
       0.016       0.000
       0.016       0.000
       0.016       0.000
       0.016       0.000
       0.016       0.000
       0.016       0.000
       0.016       0.000
       0.017       0.000
       0.017       0.000
       0.017       0.000
       0.017       0.000
       0.017       0.000
       0.017       0.000
       0.017       0.000
       0.017       0.000
       0.017       0.000
       0.017       0.000
       0.017       0.000
       0.017       0.000
       0.017       0.000
       0.017       0.000
       0.017       0.000
       0.017       0.000
       0.017       0.000
       0.017       0.000
       0.017       0.000
       0.017       0.000
       0.017       0.000
       0.017       0.000
       0.017       0.000
       0.017       0.000
       0.017       0.000
       0.017       0.000
       0.017       0.000
       0.017       0.000
       0.017       0.000
       0.017       0.000
       0.017       0.000
       0.017       0.000
       0.017       0.000
       0.018       0.000
       0.018       0.000
       0.018       0.000
       0.018       0.000
       0.018       0.000
       0.018       0.000
       0.018       0.000
       0.018       0.000
       0.018       0.000
       0.018       0.000
       0.018       0.000
       0.018       0.000
       0.018       0.000
       0.018       0.000
       0.018       0.000
       0.018       0.000
       0.018       0.000
       0.018       0.000
       0.018       0.000
       0.018       0.000
       0.018       0.000
       0.018       0.000
       0.018       0.000
       0.018       0.000
       0.018       0.000
       0.018       0.000
       0.018       0.000
       0.018       0.000
       0.018       0.000
       0.018       0.000
       0.018       0.000
       0.018       0.000
       0.018       0.000
       0.018       0.000
       0.019       0.000
       0.019       0.000
       0.019       0.000
       0.019       0.000
       0.019       0.000
       0.019       0.000
       0.019       0.000
       0.019       0.000
       0.019       0.000
       0.019       0.000
       0.019       0.000
       0.019       0.000
       0.019       0.000
       0.019       0.000
       0.019       0.000
       0.019       0.000
       0.019       0.000
       0.019       0.000
       0.019       0.000
       0.019       0.000
       0.019       0.000
       0.019       0.000
       0.019       0.000
       0.019       0.000
       0.019       0.000
       0.019       0.000
       0.019       0.000
       0.019       0.000
       0.019       0.000
       0.019       0.000
       0.019       0.000
       0.019       0.000
       0.019       0.000
       0.020       0.000
       0.020       0.000
       0.020       0.000
       0.020       0.000
       0.020       0.000
       0.020       0.000
       0.020       0.000
       0.020       0.000
       0.020       0.000
       0.020       0.000
       0.020       0.000
       0.020       0.000
       0.020       0.000
       0.020       0.000
       0.020       0.000
       0.020       0.000
       0.020       0.000
       0.020       0.000
       0.020       0.000
       0.020       0.000
       0.020       0.000
       0.020       0.000
       0.020       0.000
       0.020       0.000
       0.020       0.000
       0.020       0.000
       0.020       0.000
       0.020       0.000
       0.020       0.000
       0.020       0.000
       0.020       0.000
       0.020       0.000
       0.020       0.000
       0.021       0.000
       0.021       0.000
       0.021       0.000
       0.021       0.000
       0.021       0.000
       0.021       0.000
       0.021       0.000
       0.021       0.000
       0.021       0.000
       0.021       0.000
       0.021       0.000
       0.021       0.000
       0.021       0.000
       0.021       0.000
       0.021       0.000
       0.021       0.000
       0.021       0.000
       0.021       0.000
       0.021       0.000
       0.021       0.000
       0.021       0.000
       0.021       0.000
       0.021       0.000
       0.021       0.000
       0.021       0.000
       0.021       0.000
       0.021       0.000
       0.021       0.000
       0.021       0.000
       0.021       0.000
       0.021       0.000
       0.021       0.000
       0.021       0.000
       0.021       0.000
       0.022       0.000
       0.022       0.000
       0.022       0.000
       0.022       0.000
       0.022       0.000
       0.022       0.000
       0.022       0.000
       0.022       0.000
       0.022       0.000
       0.022       0.000
       0.022       0.000
       0.022       0.000
       0.022       0.000
       0.022       0.000
       0.022       0.000
       0.022       0.000
       0.022       0.000
       0.022       0.000
       0.022       0.000
       0.022       0.000
       0.022       0.000
       0.022       0.000
       0.022       0.000
       0.022       0.000
       0.022       0.000
       0.022       0.000
       0.022       0.000
       0.022       0.000
       0.022       0.000
       0.022       0.000
       0.022       0.000
       0.022       0.000
       0.022       0.000
       0.023       0.000
       0.023       0.000
       0.023       0.000
       0.023       0.000
       0.023       0.000
       0.023       0.000
       0.023       0.000
       0.023       0.000
       0.023       0.000
       0.023       0.000
       0.023       0.000
       0.023       0.000
       0.023       0.000
       0.023       0.000
       0.023       0.000
       0.023       0.000
       0.023       0.000
       0.023       0.000
       0.023       0.000
       0.023       0.000
       0.023       0.000
       0.023       0.000
       0.023       0.000
       0.023       0.000
       0.023       0.000
       0.023       0.000
       0.023       0.000
       0.023       0.000
       0.023       0.000
       0.023       0.000
       0.023       0.000
       0.023       0.000
       0.023       0.000
       0.024       0.000
       0.024       0.000
       0.024       0.000
       0.024       0.000
       0.024       0.000
       0.024       0.000
       0.024       0.000
       0.024       0.000
       0.024       0.000
       0.024       0.000
       0.024       0.000
       0.024       0.000
       0.024       0.000
       0.024       0.000
       0.024       0.000
       0.024       0.000
       0.024       0.000
       0.024       0.000
       0.024       0.000
       0.024       0.000
       0.024       0.000
       0.024       0.000
       0.024       0.000
       0.024       0.000
       0.024       0.000
       0.024       0.000
       0.024       0.000
       0.024       0.000
       0.024       0.000
       0.024       0.000
       0.024       0.000
       0.024       0.000
       0.024       0.000
       0.024       0.000
       0.025       0.000
       0.025       0.000
       0.025       0.000
       0.025       0.000
       0.025       0.000
       0.025       0.000
       0.025       0.000
       0.025       0.000
       0.025       0.000
       0.025       0.000
       0.025       0.000
       0.025       0.000
       0.025       0.000
       0.025       0.000
       0.025       0.000
       0.025       0.000
       0.025       0.000
       0.025       0.000
       0.025       0.000
       0.025       0.000
       0.025       0.000
       0.025       0.000
       0.025       0.000
       0.025       0.000
       0.025       0.000
       0.025       0.000
       0.025       0.000
       0.025       0.000
       0.025       0.000
       0.025       0.000
       0.025       0.000
       0.025       0.000
       0.025       0.000
       0.026       0.000
       0.026       0.000
       0.026       0.000
       0.026       0.000
       0.026       0.000
       0.026       0.000
       0.026       0.000
       0.026       0.000
       0.026       0.000
       0.026       0.000
       0.026       0.000
       0.026       0.000
       0.026       0.000
       0.026       0.000
       0.026       0.000
       0.026       0.000
       0.026       0.000
       0.026       0.000
       0.026       0.000
       0.026       0.000
       0.026       0.000
       0.026       0.000
       0.026       0.000
       0.026       0.000
       0.026       0.000
       0.026       0.000
       0.026       0.000
       0.026       0.000
       0.026       0.000
       0.026       0.000
       0.026       0.000
       0.026       0.000
       0.026       0.000
       0.027       0.000
       0.027       0.000
       0.027       0.000
       0.027       0.000
       0.027       0.000
       0.027       0.000
       0.027       0.000
       0.027       0.000
       0.027       0.000
       0.027       0.000
       0.027       0.000
       0.027       0.000
       0.027       0.000
       0.027       0.000
       0.027       0.000
       0.027       0.000
       0.027       0.000
       0.027       0.000
       0.027       0.000
       0.027       0.000
       0.027       0.000
       0.027       0.000
       0.027       0.000
       0.027       0.000
       0.027       0.000
       0.027       0.000
       0.027       0.000
       0.027       0.000
       0.027       0.000
       0.027       0.000
       0.027       0.000
       0.027       0.000
       0.027       0.000
       0.027       0.000
       0.028       0.000
       0.028       0.000
       0.028       0.000
       0.028       0.000
       0.028       0.000
       0.028       0.000
       0.028       0.000
       0.028       0.000
       0.028       0.000
       0.028       0.000
       0.028       0.000
       0.028       0.000
       0.028       0.000
       0.028       0.000
       0.028       0.000
       0.028       0.000
       0.028       0.000
       0.028       0.000
       0.028       0.000
       0.028       0.000
       0.028       0.000
       0.028       0.000
       0.028       0.000
       0.028       0.000
       0.028       0.000
       0.028       0.000
       0.028       0.000
       0.028       0.000
       0.028       0.000
       0.028       0.000
       0.028       0.000
       0.028       0.000
       0.028       0.000
       0.029       0.000
       0.029       0.000
       0.029       0.000
       0.029       0.000
       0.029       0.000
       0.029       0.000
       0.029       0.000
       0.029       0.000
       0.029       0.000
       0.029       0.000
       0.029       0.000
       0.029       0.000
       0.029       0.000
       0.029       0.000
       0.029       0.000
       0.029       0.000
       0.029       0.000
       0.029       0.000
       0.029       0.000
       0.029       0.000
       0.029       0.000
       0.029       0.000
       0.029       0.000
       0.029       0.000
       0.029       0.000
       0.029       0.000
       0.029       0.000
       0.029       0.000
       0.029       0.000
       0.029       0.000
       0.029       0.000
       0.029       0.000
       0.029       0.000
       0.030       0.000
       0.030       0.000
       0.030       0.000
       0.030       0.000
       0.030       0.000
       0.030       0.000
       0.030       0.000
       0.030       0.000
       0.030       0.000
       0.030       0.000
       0.030       0.000
       0.030       0.000
       0.030       0.000
       0.030       0.000
       0.030       0.000
       0.030       0.000
       0.030       0.000
       0.030       0.000
